-2.298213
-2.122560
-2.317427
-2.515407
-2.110891
-1.910552
-1.532016
-1.887253
-1.853751
-2.077488
-2.053955
-2.249073
-1.919672
-2.132157
-2.087219
-2.019286
-1.899200
-2.088542
-2.219729
-2.329881
-1.539678
-1.576177
-2.057767
-1.723244
-2.135639
-1.849948
-1.739345
-1.819363
-2.019069
-2.201282
-2.307722
-2.052875
-1.908016
-2.385603
-1.981066
-2.048396
-2.120882
-2.142469
-2.304825
-1.745355
-2.154849
-2.278933
-2.062693
-2.347803
-2.006147
-1.756829
-2.304921
-2.055464
-2.006221
-2.055651
-2.416373
-2.180620
-2.299943
-2.073109
-2.272099
-2.342135
-2.096724
-2.188334
-2.102709
-1.957758
-2.303095
-1.741097
-2.202189
-1.878446
-2.413373
-2.365079
-2.109009
-2.381206
-2.506604
-2.460608
-2.460335
-2.265894
-2.457907
-1.984500
-1.787383
-1.824693
-2.017807
-1.641387
-1.784799
-1.514289
-1.501943
-1.140683
-1.714879
-1.991113
-1.923674
-2.210224
-1.726124
-2.249637
-1.695487
-1.721414
-1.356754
-1.736210
-2.032126
-2.011320
-1.691693
-1.306392
-1.420043
-1.487065
-1.579703
-1.713110
-1.440628
-1.784525
-1.435736
-1.796160
-1.730867
-1.604658
-1.754076
-1.907630
-1.634596
-1.672852
-1.752918
-1.655554
-1.974253
-1.797270
-1.799854
-1.481029
-1.773550
-2.120808
-1.830816
-1.692703
-1.720551
-1.534717
-2.084153
-1.880528
-1.510135
-1.942611
-1.949449
-1.848400
-1.969232
-1.866135
-2.239204
-1.973676
-2.155066
-2.028241
-2.060963
-1.936874
-1.855971
-2.044224
-2.065637
-1.855993
-1.503483
-1.812738
-2.137005
-1.814264
-2.017855
-1.867753
-1.873654
-1.707052
-1.744219
-1.702595
-1.903514
-2.148197
-1.797075
-1.933652
-2.131884
-1.951904
-1.906437
-1.946960
-1.843448
-1.753182
-1.936310
-1.831826
-2.147620
-2.239841
-2.287354
-2.071777
-2.287224
-2.578522
-2.532093
-2.282610
-1.691077
-1.658459
-1.870740
-2.107418
-2.451628
-2.008293
-1.735330
-1.949896
-1.546820
-1.627728
-1.749076
-1.762727
-1.859960
-2.007695
-2.051891
-2.220553
-2.019603
-1.818449
-1.807573
-1.476281
-1.472721
-1.449122
-1.650975
-1.206829
-1.479238
-1.656447
-1.660536
-1.420776
-1.454599
-1.461420
-1.245436
-1.431708
-1.383553
-1.245935
-1.501848
-1.551946
-1.837706
-1.658932
-1.534535
-1.286727
-1.688341
-1.312823
-1.310650
-1.685375
-1.478219
-1.755459
-1.407979
-1.625321
-1.787214
-1.964614
-1.495461
-1.480288
-2.035769
-1.889534
-1.534071
-1.504502
-1.661590
-1.430559
-1.509059
-1.217536
-1.776425
-1.945165
-1.765051
-1.631270
-1.700704
-1.360310
-1.798484
-1.758902
-2.065390
-1.580960
-1.647488
-2.103736
-1.747120
-1.454053
-1.629662
-1.657349
-1.724571
-1.877544
-1.767943
-1.872939
-1.895137
-2.226741
-2.020804
-2.041588
-2.076474
-2.295637
-2.113849
-2.180836
-2.113879
-2.407436
-1.905206
-2.401209
-2.268040
-2.064549
-2.185151
-1.677994
-1.858651
-2.311963
-2.286210
-1.959939
-2.235934
-2.172983
-2.140309
-1.375487
-1.976942
-1.534110
-1.761040
-1.980857
-1.658572
-1.976790
-2.003606
-1.728734
-1.762167
-1.794924
-1.500252
-1.434474
-2.136189
-1.783220
-1.831093
-1.796385
-1.943274
-2.176609
-2.160725
-1.836809
-1.595717
-2.061015
-1.979964
-2.053409
-2.166284
-2.011754
-2.323402
-2.058231
-2.100207
-1.662158
-1.845434
-2.084674
-2.699111
-2.363023
-2.090970
-1.857398
-2.208060
-1.868837
-1.960039
-2.147009
-2.122920
-2.010908
-1.977627
-2.417908
-2.135131
-2.360803
-2.052286
-2.057611
-1.988602
-2.256922
-2.224985
-1.781104
-2.111837
-2.026112
-2.098598
-2.087137
-1.987011
-2.464472
-2.090914
-2.384085
-2.358288
-1.968070
-2.390867
-2.076795
-2.587360
-1.863633
-2.032109
-1.975567
-1.971617
-2.196534
-2.063244
-2.297592
-2.181209
-2.023349
-2.272632
-2.276340
-1.807955
-1.729406
-1.552158
-2.130275
-2.176804
-2.514310
-2.411833
-2.363652
-2.280676
-2.065880
-2.277372
-2.727701
-2.281617
-2.216204
-1.914013
-2.006980
-2.080246
-2.150664
-2.204218
-2.101299
-1.882080
-2.178807
-2.217487
-2.403351
-2.303165
-2.638923
-2.209404
-2.131133
-1.974570
-2.645232
-2.035708
-2.072471
-2.038882
-2.012660
-1.936826
-1.867909
-2.477993
-1.813587
-1.912799
-2.361818
-2.347313
-2.432396
-2.293239
-2.286895
-2.187445
-2.268318
-2.168586
-2.275859
-2.454798
-2.354542
-2.069176
-2.332118
-1.981343
-2.384709
-2.383252
-2.543029
-2.042603
-2.482151
-2.357742
-2.100861
-2.403382
-2.412935
-2.228684
-1.709541
-2.101720
-2.086907
-2.297471
-2.188325
-2.267303
-2.385195
-2.013241
-2.129160
-2.575526
-2.409856
-2.402710
-2.134615
-1.927208
-2.599402
-2.306053
-2.262204
-2.334130
-2.217622
-1.989348
-2.458605
-2.516990
-2.224733
-1.901884
-2.343263
-2.389440
-2.437088
-2.243692
-2.377620
-2.284883
-2.260621
-1.864700
-2.229234
-2.508651
-2.169371
-2.419196
-2.451216
-2.233337
-2.287736
-2.673319
-2.484797
-2.596861
-2.593374
-2.518152
-2.462590
-2.679056
-2.256714
-2.485152
-2.057771
-2.499883
-2.486679
-2.409518
-2.229143
-2.168023
-2.522245
-2.305138
-2.619661
-2.060317
-2.086794
-2.333484
-2.461905
-2.354797
-2.130179
-2.547140
-2.224976
-1.864336
-2.240210
-2.526621
-2.439729
-2.407965
-2.246463
-2.259515
-2.326663
-2.166145
-2.148327
-2.474519
-2.617519
-2.173152
-2.914242
-2.738681
-2.605650
-2.846443
-2.555483
-2.255036
-2.375820
-2.349889
-2.198672
-2.361337
-1.818483
-1.456685
-1.698943
-1.554725
-1.745130
-2.375313
-2.175824
-2.281912
-1.670653
-1.934554
-2.227665
-1.597048
-1.843300
-1.976894
-2.360617
-2.250122
-1.794603
-1.553251
-1.550558
-1.725759
-1.851040
-2.049393
-2.241697
-2.133826
-2.204777
-1.887622
-1.959579
-2.011901
-2.067883
-1.973997
-1.762727
-2.036449
-2.173495
-2.165139
-2.200844
-1.700882
-1.841561
-1.876811
-1.990059
-2.090168
-1.996637
-1.992167
-1.413048
-1.638980
-1.865038
-1.738022
-1.595509
-1.875085
-1.812130
-1.918843
-1.925665
-2.115614
-1.878953
-1.953205
-2.172615
-1.886932
-2.048301
-2.056726
-1.948868
-1.765372
-2.323099
-2.202271
-2.064475
-2.052203
-1.691203
-1.841141
-1.867961
-1.900587
-2.138553
-1.657553
-1.751972
-1.627029
-1.559838
-1.882015
-1.776993
-1.277282
-1.996941
-2.123675
-1.651179
-1.682673
-1.926710
-2.207375
-1.799594
-1.993788
-2.001949
-2.185468
-1.911238
-1.991941
-2.008389
-1.929871
-1.730668
-1.798462
-1.725404
-1.742250
-1.287954
-1.618010
-1.789777
-1.410035
-1.392412
-1.498982
-1.727663
-1.884656
-1.508574
-1.681034
-1.729727
-1.876495
-1.757193
-1.489936
-1.664864
-1.856626
-1.656426
-1.859908
-1.797998
-2.209881
-2.243232
-1.611666
-1.401358
-1.895349
-2.151406
-2.233818
-1.916073
-1.853031
-2.005080
-1.939736
-2.296031
-1.878806
-1.928453
-1.794005
-1.793441
-1.953018
-2.010206
-1.763503
-1.344994
-1.268627
-1.093230
-1.532254
-1.207788
-1.271341
-1.262799
-1.733027
-1.316170
-1.276246
-1.570523
-1.471021
-1.443893
-1.358575
-1.363705
-1.614120
-1.183526
-1.599086
-1.574551
-1.251433
-1.806593
-1.672457
-1.790340
-1.723387
-1.754331
-1.681195
-1.728435
-1.847524
-1.822746
-1.817265
-1.492130
-1.754743
-1.628313
-1.775068
-1.686077
-1.989842
-2.001230
-1.562466
-1.840729
-1.692508
-1.829740
-1.684933
-2.109998
-1.764717
-1.896039
-1.619215
-1.399376
-1.463901
-1.670462
-1.755043
-1.954029
-2.086148
-1.896208
-1.670991
-1.835620
-1.789859
-1.860303
-1.859570
-1.800175
-2.065126
-1.813713
-1.852025
-1.548251
-1.728816
-2.275273
-2.103944
-1.733422
-1.862146
-1.661065
-1.741240
-1.904681
-1.544318
-1.775293
-1.655229
-1.579022
-1.806038
-1.678602
-1.624714
-1.021902
-1.215888
-0.799153
-1.160717
-1.183452
-1.154880
-1.405200
-1.272863
-2.016888
-1.912209
-1.859327
-1.509679
-1.966114
-1.984621
-2.102956
-1.543598
-1.769912
-2.172203
-2.011849
-1.988758
-1.793038
-1.909846
-2.108333
-1.883377
-2.001941
-1.573671
-2.169432
-2.013189
-1.661768
-1.182880
-1.650376
-1.451768
-1.727953
-1.670297
-1.639375
-1.485717
-1.636105
-1.528291
-1.813431
-1.731800
-2.091499
-1.798315
-1.368228
-1.699507
-1.442236
-1.395864
-1.425390
-1.543884
-2.073243
-1.501362
-1.644804
-1.453459
-1.271354
-1.424457
-0.924460
-1.153332
-1.335320
-0.953028
-0.691000
-1.184588
-1.140809
-0.832326
-1.016807
-1.354543
-1.229036
-1.292182
-1.102818
-1.073869
-1.533742
-1.020931
-1.097493
-1.343090
-1.308764
-1.119847
-1.243584
-1.000185
-0.991838
-1.155318
-1.540016
-0.952572
-1.778845
-1.780592
-1.722325
-1.444409
-1.662319
-1.867813
-1.692799
-1.192134
-1.329721
-1.325264
-1.769803
-1.663572
-1.524635
-1.853347
-1.500122
-1.750845
-2.088295
-1.558684
-1.660801
-1.817026
-1.812326
-1.958460
-1.885575
-2.060633
-2.061453
-1.863928
-1.913714
-2.077796
-2.227261
-2.054584
-2.222296
-2.106941
-2.026250
-1.886568
-1.687274
-1.728435
-1.880788
-2.081482
-2.373149
-2.027295
-1.752744
-2.028969
-2.236884
-1.975190
-1.767479
-2.197657
-2.273287
-1.933249
-2.130734
-2.126042
-2.131038
-2.275646
-1.923258
-1.795618
-2.336667
-2.164076
-2.081916
-2.071084
-2.154099
-2.642084
-2.186877
-2.105592
-2.118072
-2.304669
-2.274710
-2.310727
-1.972276
-2.480733
-2.403681
-2.316954
-2.182263
-2.027829
-2.117526
-2.427544
-2.479723
-2.275512
-2.105163
-2.180845
-2.191070
-2.305805
-2.295966
-2.086985
-2.204088
-2.286144
-1.961882
-2.253500
-1.889851
-1.899048
-1.619302
-1.970203
-1.786347
-2.319222
-1.864327
-1.959531
-1.805361
-1.899829
-1.852823
-2.115401
-2.058010
-2.094526
-2.000145
-1.937876
-2.196282
-2.085407
-1.966574
-2.063673
-2.185628
-2.311156
-2.156787
-2.207817
-2.145547
-1.650012
-2.051921
-1.962506
-2.228289
-2.085797
-2.195693
-2.156362
-2.021797
-2.257997
-2.244346
-1.867484
-1.982024
-2.025366
-2.386795
-2.294141
-2.160733
-1.880038
-2.285442
-2.207050
-1.937472
-1.890419
-1.958517
-1.875766
-2.229607
-2.107930
-2.116026
-2.397250
-2.389792
-1.898341
-2.399583
-2.052268
-1.977302
-2.027842
-2.267177
-2.417640
-2.334213
-2.105332
-2.055521
-1.859783
-1.716176
-1.624024
-1.815925
-1.802695
-2.360435
-2.548814
-2.396595
-2.329599
-2.151206
-2.231953
-2.216048
-2.072411
-2.068152
-2.101425
-1.948430
-2.163907
-2.171908
-2.018792
-2.517016
-2.202041
-2.357690
-2.426586
-2.139758
-2.468613
-2.293954
-2.396934
-2.076990
-2.180416
-1.809559
-1.873099
-2.180190
-1.776729
-2.077978
-2.275017
-2.350552
-1.962229
-2.081356
-2.330319
-2.268621
-2.085259
-2.282602
-2.211759
-2.271006
-2.170503
-1.741609
-1.723799
-1.704069
-2.118510
-1.948964
-2.033444
-1.872822
-2.304392
-2.442006
-2.068725
-2.073369
-2.280572
-1.776043
-1.933444
-2.041475
-2.019303
-2.113723
-1.307099
-1.326790
-1.558992
-1.614953
-1.154013
-1.395491
-1.499923
-1.762527
-1.451421
-1.392403
-1.547865
-1.292403
-1.310030
-1.398409
-1.178097
-1.261155
-1.110120
-1.319045
-1.116200
-1.079601
-1.293426
-1.442895
-1.335779
-1.418100
-1.241845
-1.335424
-1.438724
-1.612273
-1.298725
-1.228806
-1.497321
-1.422220
-1.396540
-1.415342
-1.457535
-1.427029
-1.695054
-1.566525
-1.542714
-1.408461
-1.333108
-1.379555
-1.554964
-1.321153
-1.486168
-1.526392
-1.357639
-1.317497
-1.182680
-1.181497
-1.335189
-1.535238
-1.623461
-1.357630
-1.150409
-1.381133
-1.465522
-1.297212
-1.487638
-1.226755
-1.501909
-1.388084
-1.358588
-1.398483
-1.359668
-1.262616
-0.984358
-1.504363
-1.400091
-1.145032
-1.501891
-1.318998
-0.971817
-1.181562
-1.094288
-1.293682
-1.335810
-0.872636
-1.144750
-1.410958
-1.474022
-1.211513
-1.460302
-1.269715
-1.238580
-1.632840
-1.443398
-1.137782
-1.630416
-1.401375
-1.100446
-1.184484
-0.958158
-1.433087
-1.165985
-1.644930
-1.472716
-1.210567
-1.683840
-1.462062
-1.418564
-1.027457
-1.076353
-0.987090
-1.339023
-1.153024
-1.077741
-1.453676
-1.098746
-1.089787
-1.690253
-1.213841
-1.079666
-1.423213
-1.097298
-1.343502
-1.196704
-1.385808
-0.933250
-1.234031
-0.904847
-0.876192
-1.101127
-1.106738
-1.001265
-1.249551
-1.293426
-1.282199
-1.346468
-1.453116
-0.856744
-1.070820
-1.419111
-1.811042
-1.139005
-1.499454
-1.068544
-1.275773
-1.492165
-1.615863
-1.495335
-1.482469
-0.842473
-1.295508
-1.043107
-1.222241
-1.137053
-1.097146
-1.194675
-1.430676
-1.485392
-0.919968
-1.075113
-1.589958
-0.955760
-1.043440
-1.304150
-0.999652
-1.339799
-1.152356
-0.849090
-1.065213
-1.123606
-1.272508
-1.049806
-1.233641
-1.142643
-1.177971
-1.422918
-1.268440
-1.379060
-1.525468
-1.369355
-1.327393
-1.481524
-1.383691
-1.006196
-1.283370
-0.937916
-0.920549
-1.144044
-1.509033
-1.597876
-1.622121
-1.175764
-1.091665
-1.185846
-1.210585
-1.190997
-1.601319
-1.764396
-1.522584
-1.106309
-1.743482
-1.544648
-1.432696
-1.196257
-1.407433
-1.537952
-1.467834
-1.200867
-1.475964
-1.469005
-1.286818
-1.270552
-1.289567
-1.431781
-1.412329
-1.363861
-1.196812
-1.445263
-1.259919
-1.066848
-1.050643
-1.284211
-1.063778
-1.104219
-1.339504
-1.243445
-1.306492
-1.299007
-1.757527
-1.214509
-1.162928
-1.260682
-1.482586
-1.449582
-1.345336
-1.170738
-1.246130
-1.192546
-1.478115
-1.208421
-1.605439
-1.411084
-1.353706
-1.320992
-1.431998
-1.392113
-1.296167
-1.112306
-1.448979
-1.375630
-1.247348
-1.279086
-1.346867
-1.606952
-1.411882
-1.535108
-1.564838
-1.532306
-1.251988
-1.507368
-1.558953
-1.334817
-1.726262
-1.527484
-1.064068
-1.402672
-1.360913
-1.191752
-1.321357
-1.558311
-1.306756
-1.264373
-1.327089
-1.481159
-1.580401
-1.494624
-1.533230
-1.454391
-1.301769
-1.162599
-1.367109
-1.311053
-1.449933
-1.195303
-1.118758
-1.337839
-1.358961
-1.276341
-1.387373
-1.540042
-1.173067
-1.176696
-1.338741
-0.904747
-0.961514
-0.656153
-1.057221
-1.097944
-1.517233
-1.394836
-1.207367
-1.099678
-0.547879
-0.808714
-0.933432
-0.895302
-1.283570
-1.252387
-1.051441
-1.288821
-1.341807
-1.317979
-1.297320
-1.346447
-1.325428
-1.608656
-1.459651
-0.988859
-1.020883
-1.220276
-0.967039
-1.194913
-1.224201
-1.131113
-1.390179
-0.849368
-1.166207
-1.124365
-0.755091
-0.751865
-1.369963
-1.504307
-1.380639
-1.248701
-1.255509
-1.342505
-1.317085
-0.857949
-1.108525
-1.136173
-1.113655
-1.483817
-1.119318
-1.171679
-1.208616
-1.088040
-1.388748
-1.311699
-1.372677
-1.199124
-1.554951
-1.444062
-1.368072
-1.537233
-1.362240
-1.535789
-1.335814
-1.325324
-1.383180
-1.769812
-1.780861
-1.705522
-1.659777
-1.468970
-1.734805
-1.683979
-1.970788
-1.486601
-1.563446
-1.732823
-1.849956
-1.541695
-1.728205
-1.875216
-1.563610
-1.525099
-1.935339
-1.929069
-1.857046
-1.460445
-1.771278
-1.476858
-1.715790
-2.001737
-1.925179
-1.676329
-1.588024
-1.858998
-1.440719
-1.347743
-1.525282
-1.765953
-1.819732
-1.749006
-1.860684
-2.005965
-1.579794
-1.664639
-1.723604
-1.629770
-1.560675
-1.665367
-2.042910
-2.086426
-1.978329
-2.036944
-1.720924
-1.580084
-1.723348
-1.712069
-1.545975
-1.475496
-1.470683
-1.349764
-1.655151
-1.736002
-1.513491
-1.652202
-1.450371
-1.619749
-1.626826
-1.930647
-1.629861
-1.381328
-1.832412
-1.844146
-1.471212
-1.458138
-1.760246
-1.746782
-1.696203
-1.549175
-1.907222
-2.160326
-1.773420
-1.670258
-1.881369
-1.786798
-1.588388
-1.685661
-1.845494
-1.596450
-1.858456
-1.453485
-1.265439
-1.313573
-1.824780
-1.696263
-2.122972
-1.674404
-1.802348
-1.614233
-1.205841
-1.557362
-1.979626
-1.781351
-1.617949
-1.374720
-1.393999
-1.631210
-1.507503
-1.548490
-1.479000
-1.561685
-1.509970
-1.475709
-1.555679
-1.815131
-1.338372
-1.447622
-2.033986
-1.622034
-1.456035
-1.379511
-1.674868
-1.600994
-1.857358
-1.868473
-1.866547
-2.009993
-2.136146
-1.964618
-1.868273
-1.939922
-1.971599
-2.182133
-2.004161
-2.252707
-1.875281
-1.892431
-1.937880
-1.888203
-1.857627
-2.094686
-2.019438
-1.966305
-1.842606
-2.078507
-1.992305
-1.827594
-1.890900
-1.891351
-2.301443
-1.625182
-1.613834
-1.902803
-1.499233
-1.486450
-1.658073
-1.918553
-2.363128
-1.897062
-1.611566
-1.059112
-1.167312
-1.657531
-1.439301
-1.646422
-2.087293
-2.164792
-1.919108
-1.734514
-1.906840
-2.022677
-2.277684
-2.317310
-1.770731
-1.766057
-1.685861
-1.776798
-1.696224
-1.803532
-2.051744
-1.815335
-2.059033
-2.122834
-1.847641
-2.005943
-1.695301
-1.846496
-2.071899
-2.393321
-1.891980
-2.031259
-2.259515
-2.132504
-2.328497
-1.681945
-1.803089
-1.703006
-2.013237
-1.665649
-1.887153
-1.847055
-1.913995
-2.125466
-1.902036
-2.282437
-1.562461
-1.829870
-2.112227
-2.028609
-2.113138
-2.457564
-2.239507
-2.205827
-2.019932
-1.978975
-1.964661
-2.406088
-2.019130
-2.118809
-2.015505
-2.241961
-2.508534
-2.136892
-2.252143
-1.824220
-2.234507
-1.833274
-1.815439
-1.708310
-1.865207
-1.928579
-1.946149
-2.076318
-2.299197
-1.941267
-2.105818
-1.939315
-2.059475
-1.937585
-2.179839
-1.841800
-1.827325
-1.856049
-2.070117
-1.785176
-1.782570
-1.869388
-2.005132
-1.937334
-1.934099
-1.913423
-2.169488
-1.989296
-1.883433
-1.831852
-1.804624
-1.847116
-1.503014
-1.819390
-1.838656
-1.732984
-1.700934
-1.544418
-1.240202
-1.086474
-1.801029
-1.813349
-1.547484
-1.289862
-1.398882
-1.589975
-1.607204
-1.196552
-1.281623
-0.812092
-1.449370
-1.050474
-1.282095
-1.265171
-1.086349
-1.739523
-1.849822
-1.626570
-1.581806
-1.075139
-1.308851
-1.241078
-1.334500
-1.757488
-1.754774
-1.909976
-1.378045
-1.088465
-1.545428
-1.266458
-1.281159
-1.406661
-1.671039
-1.682704
-1.799950
-1.572500
-1.625976
-1.499641
-1.254494
-1.686437
-1.794681
-1.603058
-1.723010
-1.964653
-1.588315
-1.604719
-1.691459
-1.918349
-1.501150
-1.718205
-1.606787
-1.836973
-1.941297
-1.927993
-1.722073
-1.696779
-1.812781
-1.885519
-1.918219
-1.432792
-1.796671
-1.731266
-1.414332
-1.449599
-1.492516
-1.613053
-1.700608
-1.832667
-1.806645
-1.339413
-1.276649
-1.116360
-1.090390
-1.633096
-1.455250
-1.507277
-1.408729
-1.430836
-1.499680
-1.505317
-1.465488
-1.531834
-1.908536
-1.610391
-1.572218
-1.693913
-1.880189
-1.765810
-1.746591
-1.576407
-1.676772
-1.407758
-1.458779
-0.926663
-1.142803
-1.277833
-1.321339
-1.170877
-1.002466
-1.449565
-1.153835
-1.215918
-1.328555
-1.116863
-1.424301
-1.375058
-0.879856
-1.176787
-1.344430
-1.051745
-1.523929
-1.453858
-1.010614
-1.295512
-1.134846
-1.055634
-1.034664
-1.295855
-1.062356
-0.777757
-0.871604
-1.301522
-1.313777
-1.232743
-1.000207
-1.299605
-1.056831
-0.843206
-1.123945
-0.814295
-0.573706
-0.605527
-0.826502
-0.832733
-0.790233
-0.633414
-0.691295
-1.168912
-0.840092
-1.000623
-0.793359
-0.751362
-0.656301
-0.854658
-0.680055
-0.904005
-0.980650
-1.007466
-0.840495
-0.662320
-1.133324
-1.041264
-1.249182
-0.993946
-0.978114
-1.401583
-0.999101
-0.800250
-1.242982
-1.246173
-0.862927
-1.035960
-1.285560
-1.208508
-1.017084
-1.165066
-1.342188
-1.151702
-0.980520
-0.916225
-0.822218
-0.994349
-1.009591
-0.987831
-1.400139
-0.916598
-1.119669
-0.912149
-0.817630
-0.898177
-0.575385
-0.774280
-1.016052
-1.014448
-0.852342
-0.831060
-0.917604
-1.106951
-0.943219
-0.881370
-0.811390
-0.861223
-1.066571
-1.160600
-0.808428
-0.956163
-1.068895
-1.118208
-1.402056
-1.356182
-1.121122
-1.068973
-1.053041
-1.319752
-1.441690
-1.872657
-1.383371
-1.414774
-1.297945
-1.150318
-0.998984
-0.900866
-1.155179
-1.665718
-1.747992
-1.553875
-1.739462
-1.600205
-1.295443
-1.582170
-1.384524
-1.161185
-1.602703
-1.320359
-1.048015
-0.953019
-0.721042
-0.722725
-1.082858
-1.194944
-1.371680
-1.483857
-1.283127
-1.421743
-1.313872
-1.087528
-1.541890
-1.266164
-0.994310
-0.914864
-1.148762
-0.985771
-1.019964
-0.932023
-0.945023
-0.936714
-0.884323
-0.883104
-1.104210
-1.060161
-0.966505
-1.145340
-1.362300
-1.732320
-1.336265
-1.266788
-1.203950
-1.194063
-1.185486
-1.015913
-0.555607
-0.660104
-0.745230
-0.817456
-1.115953
-1.073669
-0.612530
-0.847876
-0.993169
-1.127626
-1.247279
-1.057299
-1.103109
-1.393951
-0.970364
-0.688724
-1.024838
-1.258055
-1.176705
-1.065569
-1.218928
-1.276510
-1.516782
-1.245219
-1.365054
-1.002800
-1.482647
-0.981821
-1.186561
-1.224990
-1.119166
-1.180278
-1.555077
-1.281380
-1.073752
-1.647280
-1.746483
-1.566594
-1.446464
-1.222505
-1.266476
-1.494533
-1.460180
-1.521665
-1.392425
-1.599411
-1.595409
-1.510430
-1.890180
-1.736327
-1.717624
-1.409618
-1.952277
-1.502854
-1.830391
-1.451477
-1.391558
-1.684109
-1.332852
-1.564261
-1.699485
-1.470973
-1.554127
-1.583146
-1.835876
-2.053530
-2.018167
-1.692495
-1.343381
-1.685839
-1.746153
-1.395300
-1.274845
-1.566113
-1.955976
-2.323810
-2.034645
-1.568116
-2.121069
-1.979353
-1.641413
-1.523174
-1.559244
-1.898549
-1.549851
-1.712720
-1.937251
-1.708618
-1.686732
-1.334860
-1.392416
-1.556837
-1.914563
-2.269007
-1.784725
-2.164939
-1.838452
-1.904586
-1.842008
-1.842671
-1.934962
-2.003823
-1.820304
-1.720720
-1.625438
-1.615200
-1.456447
-1.693792
-2.099478
-2.050915
-1.956127
-1.945642
-1.749670
-1.876352
-1.972913
-1.583688
-1.660727
-1.510252
-1.916701
-1.637779
-2.077840
-2.102097
-1.938231
-1.808661
-1.761291
-1.912612
-1.987492
-1.804507
-1.562110
-1.271961
-1.472252
-1.011495
-1.157135
-1.241407
-1.413838
-1.519011
-1.769708
-1.602330
-1.324574
-1.186141
-0.969614
-1.711935
-1.533599
-1.311413
-1.685631
-1.568003
-1.433347
-1.606766
-1.413274
-1.488592
-1.510599
-1.312745
-1.429409
-1.636344
-1.453923
-1.733396
-1.781551
-1.557479
-1.333771
-1.212185
-1.372356
-1.412853
-1.869938
-1.530962
-1.580102
-1.269364
-1.438555
-1.502642
-1.501831
-1.690648
-1.265990
-1.298374
-1.433698
-1.473068
-1.393171
-1.404848
-1.654830
-1.389259
-1.405265
-1.695457
-1.360843
-1.487599
-1.166749
-1.206339
-1.329270
-1.177789
-1.549509
-1.138892
-1.219938
-1.433347
-1.419124
-1.167646
-1.095160
-1.271944
-1.413400
-1.508617
-1.264629
-1.321153
-1.352197
-1.543360
-1.518738
-1.351906
-1.409037
-1.411136
-1.745767
-1.715586
-1.671924
-1.308200
-1.323520
-1.388370
-1.479425
-1.284246
-1.619419
-1.473922
-1.310347
-1.328854
-1.506843
-1.263393
-1.492308
-1.696636
-1.612711
-1.520113
-1.061397
-1.358012
-1.788632
-1.655393
-1.595782
-1.490816
-1.301193
-1.746743
-1.794763
-1.688497
-1.093950
-1.411578
-1.331096
-1.466385
-1.128389
-1.316604
-1.543451
-1.586099
-1.756179
-1.518070
-1.254837
-1.499229
-1.840755
-1.902652
-1.576385
-1.380409
-1.579512
-1.311470
-1.570857
-1.548459
-1.766118
-1.316183
-1.373965
-1.540840
-1.939419
-1.577543
-1.402090
-1.377126
-1.344066
-1.521717
-1.375747
-1.177923
-1.121048
-1.677682
-1.350427
-1.470093
-1.570978
-1.535598
-1.331417
-1.249230
-1.399649
-1.362335
-1.516058
-1.437102
-1.614580
-1.607390
-1.625928
-1.190681
-1.653967
-1.599802
-1.360882
-1.618795
-1.531561
-1.320069
-1.353948
-1.459569
-1.101816
-1.325120
-1.685071
-1.285768
-1.592686
-1.703180
-1.606293
-1.713474
-1.387156
-1.285061
-1.477231
-1.565948
-1.362010
-1.660450
-1.623664
-1.451208
-1.288994
-1.524505
-1.565107
-1.327133
-1.089913
-1.195208
-1.701151
-1.704273
-1.205572
-1.124669
-1.363965
-1.343203
-1.650368
-1.395369
-1.363645
-1.181054
-1.182533
-1.400213
-1.241095
-1.370045
-1.200785
-1.545203
-1.393552
-1.641561
-1.526370
-1.473488
-1.461910
-1.418495
-1.435437
-1.603717
-1.321222
-1.309249
-1.377269
-1.585210
-1.479902
-1.618951
-1.654786
-1.511002
-1.463870
-1.137157
-1.159485
-1.258931
-1.468827
-1.274919
-1.104986
-1.675891
-1.325311
-1.319505
-1.684855
-1.618071
-1.567266
-1.476814
-1.551048
-1.164780
-1.513361
-1.234088
-1.300386
-1.204874
-1.377751
-1.247691
-1.352331
-1.250102
-1.518092
-1.183994
-1.237249
-1.552826
-1.416145
-1.091309
-1.164602
-1.273544
-1.055522
-1.198707
-1.088374
-1.164307
-1.148644
-1.306127
-0.875511
-0.991595
-1.280552
-1.106634
-1.244295
-0.919673
-0.915059
-0.969632
-1.577361
-1.141962
-1.491341
-1.370505
-1.836319
-1.118130
-1.240336
-1.553238
-1.189085
-1.279975
-1.347006
-1.334392
-1.628330
-1.578558
-1.328312
-1.376406
-1.582981
-1.685371
-1.520143
-1.365080
-0.991040
-1.326057
-1.131490
-1.228758
-1.259542
-1.426361
-1.217545
-1.164685
-1.526799
-1.769344
-1.249738
-1.308820
-1.359694
-1.182095
-1.216300
-1.453055
-1.069463
-1.391675
-1.478137
-1.431556
-1.193365
-1.563398
-1.275795
-1.078057
-1.145579
-1.584507
-1.467539
-1.519618
-1.507438
-1.461581
-1.299879
-1.303716
-1.247804
-1.260951
-1.364052
-1.560532
-1.641543
-1.456299
-1.207497
-1.249486
-1.258896
-1.641569
-1.137470
-1.483063
-1.732407
-1.285781
-1.443481
-1.652640
-1.191314
-1.275547
-1.386805
-1.512511
-1.630512
-1.609042
-1.039690
-1.325424
-1.158297
-1.124040
-1.089267
-1.410637
-0.976878
-1.019252
-0.813896
-0.702604
-1.022856
-1.142643
-1.572812
-1.457864
-1.602559
-1.645572
-1.296618
-1.457743
-1.342240
-0.925392
-1.223386
-0.961566
-1.137210
-0.658083
-0.844650
-1.350315
-1.362266
-1.552371
-1.498067
-1.543225
-1.432393
-1.431734
-1.401440
-1.034312
-0.949676
-0.946025
-1.191479
-1.373163
-1.052352
-1.158505
-0.878694
-1.203391
-0.858027
-0.910380
-1.215220
-1.066540
-1.280140
-1.079978
-0.975958
-1.321916
-0.652016
-1.132895
-1.079805
-0.963873
-1.157504
-1.446842
-1.487447
-1.038115
-1.407350
-0.928861
-1.580193
-1.127808
-1.232175
-1.255891
-1.572092
-1.833305
-1.603544
-1.680223
-1.056861
-0.952811
-0.992233
-0.843071
-1.136147
-1.331729
-1.209622
-1.291475
-1.312224
-0.920809
-1.217046
-1.208351
-0.877346
-0.775455
-1.157903
-0.846605
-1.129326
-1.337527
-1.392273
-1.138658
-1.354447
-1.469837
-1.186722
-1.189879
-1.134651
-1.360652
-1.346668
-1.253645
-1.611566
-1.469044
-1.349985
-1.084731
-1.408027
-1.336026
-1.222202
-1.190260
-1.266784
-1.261094
-1.227024
-0.948002
-1.230805
-1.437419
-1.065426
-1.359148
-1.459400
-1.322254
-1.213373
-1.310516
-1.430350
-1.390942
-1.171198
-1.140327
-1.260648
-1.402854
-1.500569
-1.439348
-1.300364
-1.222440
-1.130714
-1.243220
-1.230992
-1.266736
-1.276614
-1.104509
-1.133090
-1.195030
-1.166341
-1.309553
-1.601345
-1.589811
-1.654786
-1.404215
-1.129838
-1.549196
-1.070998
-1.154642
-1.239395
-1.132379
-1.241551
-1.113043
-1.239387
-1.501891
-1.166562
-1.150852
-0.953340
-1.156146
-1.274901
-1.400412
-1.401483
-1.412693
-1.248033
-0.817825
-1.156628
-1.286241
-1.700487
-1.227102
-1.685978
-1.340757
-1.141177
-1.310863
-1.753971
-1.556234
-2.157242
-2.404444
-1.757254
-2.102093
-1.962658
-2.158986
-2.060763
-2.409743
-2.236415
-1.831267
-2.369506
-2.247898
-2.205727
-2.304049
-2.326928
-2.395837
-2.168495
-2.250769
-2.397528
-2.211347
-1.763390
-2.252078
-2.650263
-2.626374
-2.165980
-2.322626
-2.606435
-2.435371
-1.978407
-2.517254
-2.100653
-2.232951
-2.052281
-2.050048
-2.269671
-1.900197
-1.775844
-1.734384
-2.041766
-2.075212
-1.904573
-1.914646
-2.034767
-2.290147
-1.663377
-2.148717
-2.019880
-2.203234
-1.916133
-2.282563
-1.773654
-2.312479
-2.083473
-2.304713
-2.289601
-2.296530
-2.033141
-2.386977
-2.170989
-2.162411
-1.978611
-2.332695
-2.593686
-2.771854
-2.426091
-2.560080
-2.163357
-2.341788
-2.196105
-2.301460
-2.599614
-2.282229
-1.959779
-2.322791
-2.304704
-2.354377
-2.475460
-2.442153
-2.273036
-2.234369
-2.234087
-1.909382
-2.287732
-2.277277
-2.348614
-2.489736
-2.286548
-2.345747
-2.131168
-2.267503
-2.197514
-2.474038
-2.349273
-1.925344
-2.142495
-1.771894
-2.031662
-2.207926
-1.918432
-1.733157
-2.439577
-2.396999
-2.625090
-2.426481
-2.265048
-2.374077
-2.336806
-2.201013
-2.011203
-2.350964
-2.425853
-2.328016
-2.225592
-2.208880
-2.540436
-2.530224
-2.401959
-2.754049
-2.546511
-2.261839
-2.262772
-2.526269
-2.400654
-2.580964
-2.622506
-2.515645
-2.503902
-2.696527
-2.289522
-2.488977
-2.508681
-2.092106
-2.715173
-2.758034
-2.603439
-2.722775
-2.624162
-2.687330
-2.173391
-2.516070
-2.459594
-2.502875
-2.653693
-2.500945
-2.605767
-2.825585
-2.678713
-2.455756
-2.418615
-2.615537
-2.362885
-2.283916
-2.841469
-2.482685
-2.621014
-2.531555
-2.248154
-2.423841
-2.317553
-2.628429
-2.464828
-2.220020
-2.336572
-2.677013
-2.522857
-2.606388
-2.361497
-2.512632
-2.634474
-2.838434
-2.659694
-2.405294
-2.350123
-2.719145
-2.350552
-2.763875
-2.644205
-2.526833
-2.643199
-2.622068
-2.679125
-2.637110
-2.437487
-2.701215
-2.812754
-2.859669
-2.662864
-2.736179
-2.847518
-2.620025
-2.607845
-2.531555
-2.723031
-2.572928
-2.590187
-2.562898
-2.593309
-2.842159
-2.609683
-2.638286
-2.838169
-2.482711
-2.748142
-2.828430
-2.724934
-2.783952
-2.605841
-2.380343
-2.232374
-2.614509
-2.429461
-2.678184
-2.334967
-2.444659
-2.476497
-2.415922
-2.515173
-2.353236
-2.195805
-2.729592
-2.806744
-2.174796
-2.807650
-2.514474
-2.783588
-2.657361
-2.322080
-2.458406
-2.400771
-2.580274
-2.482268
-2.222266
-2.456029
-2.478825
-2.336290
-2.201482
-2.403629
-2.244182
-2.486249
-2.310484
-2.241610
-2.372060
-2.573622
-2.285112
-2.419617
-2.496721
-2.433658
-2.376631
-2.593027
-2.340240
-2.532162
-2.440696
-2.492919
-2.413481
-2.466419
-2.582928
-2.286413
-2.247313
-2.335175
-2.436429
-2.311330
-2.087098
-2.187228
-2.667101
-2.724722
-2.608391
-2.633962
-2.778085
-2.707810
-2.746408
-2.621239
-2.338150
-2.486058
-2.455431
-2.667261
-2.416417
-2.409153
-2.418013
-2.440787
-2.467551
-2.154463
-2.703751
-2.631898
-2.732107
-3.017113
-2.323784
-2.252004
-2.790474
-2.392866
-2.803093
-2.504392
-2.659430
-2.297376
-2.581050
-2.589987
-2.618117
-2.823100
-2.774286
-2.824436
-2.439113
-2.480434
-2.400260
-2.295919
-2.421551
-2.650336
-2.529179
-2.224243
-2.961946
-2.445683
-2.391322
-2.489558
-2.388972
-2.393373
-2.281292
-2.611981
-2.716648
-2.520498
-2.300229
-2.303312
-2.742904
-2.884421
-2.688839
-2.678553
-3.013609
-2.666732
-2.474697
-2.350548
-2.649473
-2.657066
-2.382710
-2.195394
-2.606002
-2.542283
-2.675001
-2.601635
-2.562061
-2.649963
-2.402254
-2.610299
-2.914207
-2.628316
-2.755315
-2.771333
-2.320063
-2.359875
-2.798175
-2.470552
-2.576653
-2.523503
-2.108337
-2.351810
-2.481614
-2.350791
-2.472841
-2.448471
-2.264172
-2.312401
-2.448380
-2.489848
-2.522735
-2.373808
-2.759022
-2.674472
-2.342911
-2.587837
-2.701826
-2.631694
-2.672105
-2.556307
-2.501223
-2.375330
-2.450596
-2.422991
-2.529860
-2.527982
-2.693192
-2.160477
-2.526261
-2.175698
-2.569537
-2.700044
-2.921817
-2.425861
-2.508885
-2.624240
-2.568249
-2.340444
-2.207292
-2.387840
-2.387840
-2.537392
-2.244719
-2.473782
-2.596188
-2.858767
-2.295572
-2.363769
-2.190476
-1.965494
-2.730771
-2.475994
-2.206451
-2.069306
-2.320280
-2.208754
-2.403000
-2.685998
-2.447933
-2.163231
-2.377277
-2.441901
-2.482503
-2.540466
-2.151024
-2.470114
-2.449187
-2.452617
-2.407792
-2.785170
-2.475044
-2.201417
-2.510893
-2.577798
-2.295680
-2.647578
-2.463908
-2.228194
-2.322587
-2.188755
-2.773454
-2.321837
-2.303126
-2.664958
-2.410879
-2.371982
-2.402991
-2.235878
-2.454750
-2.731560
-2.715590
-2.331706
-2.435041
-2.210610
-2.297432
-2.402831
-2.450626
-2.475070
-2.389779
-2.459893
-2.329239
-2.264380
-2.378474
-2.380243
-2.436507
-2.268678
-2.255569
-2.203433
-2.354164
-2.276886
-2.387229
-2.682009
-2.543771
-1.926532
-2.180533
-2.373318
-2.558757
-2.409934
-2.312765
-2.492814
-2.394787
-2.100055
-2.443129
-2.426403
-2.223137
-2.080827
-2.626686
-2.542956
-2.434296
-2.778102
-2.224278
-2.239498
-2.413282
-2.677798
-2.521512
-2.350743
-2.546121
-1.998311
-2.287671
-2.136046
-2.120973
-2.409977
-2.330843
-2.490061
-2.456224
-2.361679
-1.966071
-2.166184
-2.191374
-2.472672
-2.127591
-2.201230
-1.719879
-2.018770
-1.838691
-1.579568
-2.042204
-2.135812
-1.759557
-1.845728
-1.650016
-1.708024
-1.382161
-1.418907
-1.613847
-1.575718
-2.224252
-1.643560
-1.439912
-1.468827
-1.446629
-1.401661
-1.727693
-1.468025
-1.340597
-1.354044
-1.163327
-1.606128
-1.748230
-1.209223
-1.250271
-1.423330
-1.535932
-1.306314
-1.310464
-1.800010
-1.482703
-0.991734
-1.358809
-1.402320
-1.020488
-1.376983
-1.256255
-1.854280
-1.304675
-1.549578
-1.078491
-1.432215
-1.732880
-1.623452
-1.437965
-1.446907
-1.087350
-1.470756
-1.206947
-1.218741
-1.473905
-1.537610
-1.526825
-1.294692
-1.402299
-1.253740
-1.398578
-1.179393
-1.542081
-1.354321
-1.486211
-1.761092
-1.487712
-1.563888
-2.005050
-1.798848
-1.769214
-1.585821
-1.806940
-2.079860
-2.062806
-1.964705
-1.645177
-2.194812
-2.101447
-1.915418
-1.974891
-2.119087
-2.009074
-1.646452
-1.807473
-2.083568
-1.970862
-2.372919
-1.737719
-2.263474
-1.965524
-1.956361
-2.048743
-2.355535
-1.998780
-2.236654
-1.964501
-2.202041
-2.147590
-1.852736
-2.072779
-2.171101
-2.484814
-1.839046
-1.917295
-1.957159
-2.026302
-1.900505
-1.986117
-1.989821
-2.125353
-1.852016
-1.669387
-1.987006
-1.430559
-1.940261
-2.055924
-2.272645
-2.368934
-1.622906
-1.939302
-1.962281
-1.875398
-1.732806
-1.988819
-2.254975
-2.305055
-2.046440
-1.962406
-2.012612
-1.790674
-1.876590
-1.839293
-2.074995
-1.820925
-1.489936
-1.555653
-1.844757
-2.053717
-2.125414
-1.555181
-1.832728
-1.883090
-1.851444
-2.035044
-1.995761
-1.844952
-2.016754
-2.571679
-2.048556
-1.731657
-1.959644
-1.806589
-1.832620
-1.623612
-1.569868
-1.823791
-2.167971
-1.528083
-1.734337
-1.889591
-1.895020
-2.018380
-1.706558
-1.974032
-1.970420
-2.013328
-1.912135
-2.015496
-1.859930
-2.134641
-1.832034
-1.716059
-1.962506
-1.876811
-2.023774
-1.966933
-1.908957
-1.942381
-2.336416
-1.887097
-2.195315
-1.953300
-2.296062
-2.166752
-2.229625
-2.085277
-2.155157
-2.529639
-2.316057
-2.038266
-2.167441
-1.999317
-2.007912
-2.385126
-2.403295
-2.263617
-2.423654
-2.304431
-2.192861
-2.008432
-1.980875
-2.093099
-2.136788
-2.168903
-2.456125
-2.117903
-1.778923
-2.253618
-2.147785
-2.415879
-2.174956
-2.062077
-2.244828
-1.836648
-2.292480
-1.568472
-1.772136
-1.890514
-1.973373
-1.609476
-2.104517
-2.019585
-1.989404
-2.434486
-2.213385
-2.128007
-1.686316
-1.994868
-2.074470
-2.252677
-2.360977
-2.147052
-2.165547
-2.084995
-1.965147
-2.437457
-2.073807
-2.501201
-2.396478
-2.345067
-2.051097
-2.233922
-2.179180
-2.431464
-2.087024
-2.617601
-2.648398
-2.251792
-2.250491
-1.876816
-2.114113
-1.809472
-1.794273
-2.180485
-1.724042
-1.735902
-1.882592
-1.779599
-2.038292
-2.012161
-2.182038
-1.759565
-1.737138
-2.005778
-1.930066
-2.309986
-2.226351
-2.306243
-1.977024
-1.978347
-2.025903
-1.957524
-2.084865
-2.211785
-2.215545
-2.097249
-2.228124
-2.202895
-2.242608
-2.217132
-2.362837
-1.983975
-2.303828
-2.210514
-1.719580
-2.179080
-2.224777
-1.829584
-2.214348
-1.744869
-1.858325
-1.842494
-2.126845
-1.771135
-1.957081
-1.933470
-2.080676
-2.257126
-1.822776
-2.200393
-1.974093
-1.930018
-2.091547
-2.094127
-2.080537
-1.967658
-2.115032
-1.920543
-1.876135
-1.901047
-1.882535
-2.164653
-2.158123
-2.220475
-1.940651
-2.331394
-1.951735
-2.275486
-2.043253
-1.926341
-1.985718
-2.314309
-2.444304
-1.835616
-1.860828
-2.066439
-2.020921
-1.868186
-1.730798
-1.787114
-2.151198
-2.022838
-1.740065
-1.659088
-2.056852
-2.222574
-2.048236
-2.089001
-2.231056
-2.611782
-2.192805
-2.015917
-2.169970
-2.272693
-2.183195
-2.219616
-1.949072
-1.943704
-2.164176
-2.235743
-2.395507
-1.761417
-2.130739
-2.036085
-2.044211
-2.226711
-2.182541
-2.275091
-1.948868
-1.993103
-1.895367
-1.894512
-2.083746
-1.961288
-1.787144
-1.865376
-2.031129
-2.314539
-2.320896
-2.238150
-1.833600
-1.603461
-1.824463
-1.977033
-2.061097
-1.705370
-1.983386
-2.498430
-1.972501
-1.989097
-2.182627
-1.933500
-2.456515
-2.184626
-2.391188
-2.212175
-2.527089
-1.922525
-2.197002
-2.016125
-1.885705
-2.323073
-1.928808
-1.832017
-1.718097
-1.675176
-1.946661
-2.317128
-2.157624
-2.157633
-2.145890
-2.045642
-2.422349
-2.270620
-2.600542
-2.195055
-2.332188
-2.310797
-2.024785
-2.148761
-2.140747
-2.296435
-2.511660
-2.135058
-2.080775
-2.459468
-2.080398
-2.116494
-2.295736
-2.103433
-2.077263
-2.019650
-2.266748
-1.985228
-2.182432
-2.150664
-1.904924
-2.363401
-2.308537
-1.752818
-1.918817
-1.890041
-2.036779
-2.036736
-2.143050
-2.075290
-2.142390
-1.653377
-2.174813
-1.961973
-2.260755
-2.161054
-1.924008
-1.713830
-1.940248
-2.010358
-1.826341
-1.990558
-2.174878
-1.565137
-1.818227
-1.716063
-1.540350
-1.613496
-1.960793
-1.897782
-1.867098
-1.511800
-1.488050
-1.873568
-1.789118
-2.274887
-1.896455
-1.562817
-2.005184
-2.136346
-2.161262
-2.151345
-2.110124
-2.467347
-2.218797
-1.616648
-1.847485
-1.776369
-2.076508
-2.173300
-2.561823
-2.452699
-2.278686
-1.964002
-2.190398
-2.219079
-2.113354
-2.211928
-1.855091
-1.952476
-2.126255
-1.806346
-1.946275
-1.925938
-1.926358
-2.061748
-1.911832
-1.564127
-1.523677
-1.589537
-2.028570
-2.147221
-2.073074
-2.331386
-1.622047
-1.086492
-1.590704
-1.389702
-1.240206
-0.842347
-0.888169
-1.109743
-1.110762
-1.106092
-1.245622
-1.332406
-0.893603
-1.078916
-1.469148
-1.353038
-1.379177
-1.460739
-1.227973
-0.992406
-1.103590
-0.904968
-0.678412
-1.021382
-1.081908
-1.332115
-1.295451
-1.121954
-1.078179
-0.928506
-0.939451
-1.514198
-1.262118
-0.971427
-1.179181
-0.403015
-0.508471
-0.761284
-0.907939
-0.314502
-0.275123
-0.775199
-1.048059
-1.171722
-0.516033
-1.012878
-0.424814
-0.777775
-1.012184
-1.015319
-1.201791
-0.891868
-0.975646
-1.338155
-1.357422
-1.436556
-1.309206
-1.173396
-1.099119
-1.354881
-1.569495
-1.720759
-1.094119
-1.200936
-1.183999
-1.044989
-1.035015
-0.717179
-0.924824
-1.121169
-1.285495
-1.540732
-1.398743
-1.606688
-1.827477
-1.546200
-1.526045
-1.327770
-1.339855
-1.411895
-1.574222
-1.253402
-1.406349
-1.353567
-1.038150
-1.121859
-1.209332
-1.085043
-1.125198
-0.849485
-1.358679
-1.544296
-1.607230
-1.317436
-1.376775
-1.409939
-1.561950
-1.286085
-1.536964
-1.740238
-1.871551
-1.608622
-1.439270
-1.824099
-1.815357
-1.790219
-1.656673
-1.328403
-1.353771
-1.608839
-1.539383
-1.208763
-1.358649
-1.302944
-1.223941
-1.351347
-1.691689
-1.743699
-1.659591
-1.428464
-1.691559
-1.453719
-1.469980
-1.416678
-1.679040
-1.392668
-1.433737
-1.857718
-1.418152
-1.377885
-1.646378
-1.571377
-1.812000
-1.698341
-1.809268
-1.638634
-1.451828
-1.572760
-1.941835
-1.942750
-1.374776
-1.275586
-0.993100
-1.495768
-1.129439
-1.481472
-1.007440
-1.548941
-1.533603
-1.778780
-1.587851
-1.656456
-1.451642
-1.508344
-1.433993
-1.229495
-1.330047
-1.363857
-1.287143
-1.123559
-1.416517
-1.096452
-1.311079
-1.532289
-1.343715
-1.675163
-1.667934
-0.798394
-1.251355
-0.906941
-1.035991
-1.324969
-1.119261
-1.329465
-0.969016
-1.602321
-1.557028
-1.242210
-1.210346
-1.450024
-1.438798
-1.311444
-0.999466
-1.134204
-1.171081
-1.440272
-1.015614
-1.247751
-1.018277
-1.488071
-1.739774
-1.376727
-1.461537
-1.503834
-1.438750
-1.390903
-1.718132
-1.765706
-1.707434
-1.650636
-1.435719
-1.280248
-1.454460
-1.010571
-1.119548
-1.071765
-0.784604
-1.087923
-1.149382
-1.202311
-1.107701
-1.386380
-1.122149
-1.454421
-1.251919
-1.421192
-1.495101
-1.691220
-1.393799
-1.406006
-1.297407
-1.370691
-1.200108
-1.327367
-1.309210
-1.426795
-1.430858
-1.224426
-1.516843
-1.532315
-1.010818
-1.663754
-1.424826
-1.226091
-1.478965
-1.457505
-1.677275
-1.832572
-1.724484
-1.334409
-1.725352
-1.430472
-1.399007
-1.489572
-1.624978
-1.775705
-1.608414
-1.326317
-1.502945
-1.177472
-1.031771
-1.196132
-1.429687
-1.345094
-1.383852
-1.521088
-1.411626
-1.320090
-1.189710
-1.481350
-1.533555
-1.254490
-1.305074
-1.197116
-1.447930
-1.167568
-0.766808
-1.136993
-1.239699
-1.288968
-1.415373
-0.823367
-1.029339
-1.408452
-1.380821
-1.514176
-1.057772
-1.435038
-1.747367
-1.425637
-1.766920
-1.257747
-1.497902
-1.656690
-1.671512
-1.643846
-1.361815
-1.340987
-1.449270
-1.646430
-1.851782
-1.772388
-1.733200
-1.238068
-1.521739
-1.521041
-1.541781
-1.260531
-1.531760
-1.723730
-1.719615
-1.384962
-1.687422
-1.669309
-1.602265
-1.672479
-1.821592
-1.390114
-1.552483
-1.536508
-1.891308
-1.134426
-1.409328
-1.350527
-1.188517
-1.587742
-1.825551
-1.823093
-1.760485
-1.566542
-1.318156
-1.200134
-1.138814
-1.633950
-1.545237
-1.614584
-1.342444
-1.538009
-1.448862
-1.194970
-1.226083
-1.735382
-1.837038
-1.575110
-1.875450
-2.130205
-2.114655
-1.704130
-1.876859
-2.161761
-1.878156
-1.763737
-1.737663
-2.049068
-1.856929
-1.638048
-1.937602
-1.764422
-1.716414
-1.461017
-1.821024
-1.441859
-1.509679
-1.124682
-1.882310
-1.250479
-1.261086
-1.291098
-1.305963
-1.001712
-1.395148
-0.892549
-1.340523
-1.415286
-1.543850
-1.399502
-1.434891
-1.163293
-1.639926
-1.367547
-1.387546
-1.280500
-0.952850
-1.392403
-1.132596
-1.150713
-1.126893
-0.940626
-1.014361
-1.335077
-0.837829
-1.386432
-1.114353
-0.958457
-1.129001
-1.354967
-1.338828
-1.433806
-1.289185
-1.384259
-1.411661
-0.776378
-0.748942
-1.062126
-1.410824
-1.254100
-0.970165
-1.036255
-1.264802
-1.203425
-1.333633
-0.827369
-0.857962
-0.722564
-0.914109
-0.726163
-0.875420
-0.585631
-0.881101
-1.104709
-0.823163
-0.922682
-1.043935
-0.918766
-0.819594
-0.829988
-0.825015
-0.917630
-0.829347
-1.089518
-0.820678
-1.003108
-0.922513
-0.617395
-0.933115
-0.820245
-0.415144
-0.942291
-0.843639
-0.688819
-0.794253
-1.167243
-0.844116
-0.754684
-0.862676
-0.877979
-0.937512
-1.039204
-0.951380
-0.626779
-1.052369
-0.888260
-1.070829
-0.778915
-1.004318
-1.046129
-0.944013
-0.705210
-0.531791
-0.636510
-1.028931
-0.482166
-0.516194
-0.595969
-0.419740
-1.273622
-1.042534
-0.787809
-0.608219
-1.204093
-0.692171
-1.050665
-1.143354
-0.881704
-0.713120
-0.929438
-0.729676
-0.711030
-0.737516
-0.582787
-0.777649
-0.935453
-0.876977
-0.830773
-0.643660
-0.982680
-1.236095
-0.796538
-1.028120
-0.882723
-0.671192
-0.740525
-0.903442
-0.788589
-0.777632
-0.994440
-0.746215
-0.346686
-0.928254
-1.085529
-0.867953
-1.100416
-0.904331
-0.787085
-0.383983
-0.913177
-0.841948
-0.731545
-0.825600
-0.243373
-0.580922
-1.175794
-0.899886
-1.033996
-1.063774
-1.061449
-1.108399
-1.165994
-0.806182
-1.052369
-1.098100
-1.031728
-1.202536
-1.071288
-1.479902
-1.324604
-1.224361
-1.040748
-1.004405
-0.945960
-0.820253
-0.969753
-0.975208
-0.680350
-1.130909
-1.037448
-0.778113
-0.856757
-1.208130
-1.485448
-1.220276
-1.445753
-1.190516
-1.025150
-1.100208
-1.201249
-0.937924
-1.134677
-1.772774
-1.466858
-1.241186
-1.111443
-1.228294
-1.227817
-1.365830
-1.419501
-1.077416
-1.195299
-1.263180
-1.016759
-1.207909
-1.516509
-1.146147
-1.219487
-1.241321
-0.838232
-1.153419
-0.775984
-1.225745
-1.210776
-1.162378
-1.265860
-1.141229
-1.318373
-1.400824
-1.354998
-0.924937
-0.780975
-1.243012
-0.982129
-1.247999
-1.139534
-1.621106
-1.093443
-1.561915
-1.420789
-1.403309
-1.386371
-1.179233
-1.360796
-1.230827
-1.019057
-1.132930
-0.870191
-1.171705
-1.474577
-0.908008
-1.062260
-1.130644
-1.180915
-1.178743
-1.172165
-1.126815
-1.228923
-0.838032
-1.305143
-1.307988
-0.996478
-1.178045
-1.112410
-1.742879
-1.549925
-1.394493
-1.062065
-1.079415
-1.036333
-1.022062
-1.255717
-1.382737
-1.435511
-1.521353
-1.042669
-1.410915
-1.172802
-1.098629
-1.451178
-1.303239
-1.226716
-1.294979
-1.226152
-1.731054
-1.453888
-0.746544
-0.876747
-1.184992
-1.473402
-1.402221
-1.522554
-1.329422
-1.289597
-1.456282
-1.277664
-1.486311
-0.602738
-1.137032
-1.432003
-1.775575
-1.542094
-1.314666
-1.613444
-1.413278
-1.448381
-1.539999
-1.289272
-1.203673
-1.924802
-1.635680
-1.335653
-1.466550
-1.738434
-1.555688
-1.746136
-1.860489
-1.374806
-1.533052
-1.712295
-1.438602
-1.395820
-1.286332
-1.398227
-1.492958
-1.431751
-1.082108
-1.119092
-1.446434
-1.503565
-1.219041
-1.024642
-1.151155
-1.314796
-1.701766
-1.171913
-1.353510
-1.745030
-1.591719
-1.535958
-1.453389
-1.443017
-1.079974
-1.070135
-1.372751
-1.119786
-1.195533
-1.202129
-1.164819
-1.305832
-1.523968
-1.674781
-1.397472
-1.325680
-1.149577
-1.244603
-1.415425
-1.245432
-1.168683
-1.452318
-1.464022
-1.227202
-1.720894
-1.674326
-0.994340
-1.473974
-1.650467
-1.491827
-1.318742
-1.179853
-1.222978
-1.322853
-1.321812
-1.349018
-0.706633
-1.576169
-1.427562
-1.261970
-1.448051
-1.075443
-1.061597
-0.985737
-1.070894
-0.855031
-0.998373
-1.274624
-1.082624
-0.942599
-1.008125
-1.401119
-1.422814
-1.332718
-1.026602
-1.151623
-1.024903
-1.578701
-1.272417
-0.988035
-1.217328
-1.295000
-1.066722
-1.412407
-1.338823
-1.236659
-1.387872
-1.399853
-0.746002
-0.972593
-0.814564
-0.892948
-0.986110
-0.833366
-0.802427
-1.157621
-1.160556
-0.986847
-0.731116
-1.051350
-0.892349
-1.038918
-1.229868
-0.928263
-1.036472
-1.281839
-1.226113
-1.232444
-0.670285
-1.242054
-1.441378
-1.274576
-0.968920
-1.480093
-1.366676
-0.790515
-0.990264
-1.060348
-1.174012
-1.111447
-1.200932
-1.089657
-1.249252
-1.009704
-0.801052
-0.857750
-0.809729
-0.929937
-1.230762
-1.226603
-1.161658
-1.292095
-1.159138
-1.274632
-1.044399
-1.028571
-1.071362
-1.068912
-0.810562
-1.335797
-1.232765
-1.093321
-1.076978
-1.221890
-0.766266
-0.708796
-0.947525
-1.301925
-1.277369
-1.320884
-0.837321
-1.220068
-1.280287
-1.415468
-1.065812
-1.112197
-1.122210
-1.084189
-1.353467
-1.181414
-1.046402
-0.931884
-1.024582
-0.891703
-1.145986
-0.947625
-1.049910
-1.171488
-1.003286
-1.011620
-1.108876
-1.222432
-0.960313
-1.071670
-1.007076
-1.044928
-1.190512
-0.865408
-0.535642
-1.117293
-1.288756
-1.031472
-1.268059
-1.218707
-0.480839
-0.765047
-1.297017
-1.051575
-0.890016
-0.781651
-0.786378
-1.007726
-1.055933
-1.077377
-1.071943
-1.211543
-1.101474
-0.743773
-0.755581
-1.058366
-1.140032
-1.058939
-1.204835
-1.092766
-1.248610
-0.870065
-1.113936
-1.009413
-1.131863
-1.353337
-1.112622
-0.980568
-1.001994
-1.279368
-1.360345
-1.230116
-1.139742
-1.023771
-1.121763
-1.218689
-1.303348
-1.155309
-1.566832
-1.321903
-1.168735
-1.103043
-0.886235
-1.510182
-1.611401
-1.320632
-1.300169
-1.290547
-1.150440
-0.840604
-1.221694
-1.285838
-1.377547
-1.395907
-1.458268
-1.347336
-1.244577
-1.175894
-1.230246
-1.018602
-1.286575
-1.254646
-1.231351
-0.942954
-1.025644
-1.285387
-1.434513
-1.312992
-1.385981
-1.346247
-1.227757
-1.190174
-1.324023
-1.136581
-0.955829
-1.132518
-1.155713
-1.412073
-1.432757
-1.420967
-1.331820
-1.215901
-1.181748
-0.903199
-1.185295
-1.151658
-1.464881
-1.323924
-1.246776
-1.091049
-1.202844
-1.199709
-1.332813
-1.119417
-1.032313
-1.293899
-1.269459
-1.274299
-0.861015
-1.091925
-1.712919
-1.544171
-1.478245
-1.058050
-1.174055
-1.420550
-1.040644
-1.776035
-1.416075
-1.352344
-1.306374
-1.394185
-1.770658
-1.510200
-1.355982
-1.327800
-1.426695
-1.305572
-1.297285
-1.552505
-1.484832
-1.028697
-1.245432
-1.165465
-0.996109
-0.616667
-0.984119
-1.041875
-1.452648
-1.560683
-1.564833
-1.692513
-1.670007
-1.831488
-1.757974
-1.669044
-1.082355
-1.325493
-1.654236
-1.882132
-1.630208
-1.625703
-1.651599
-1.431252
-1.340632
-1.475977
-1.796311
-1.118893
-1.612902
-1.828782
-1.542410
-1.758247
-1.439769
-1.672769
-1.678654
-1.845828
-1.973902
-1.404384
-1.652015
-1.857458
-1.688198
-1.777058
-1.822464
-1.680705
-0.901104
-1.073023
-0.874241
-0.950691
-1.116239
-0.785684
-1.200204
-0.768807
-1.262417
-0.889817
-0.842638
-1.153662
-0.885299
-0.705076
-1.432380
-0.952061
-1.019643
-0.966553
-1.262855
-0.918285
-1.130133
-1.452049
-1.464738
-1.314570
-1.521704
-1.246082
-1.445888
-1.113646
-1.375175
-1.167646
-1.239170
-1.372647
-1.400282
-1.158167
-0.770325
-0.892380
-1.063214
-1.012934
-1.116902
-1.033896
-1.094644
-1.150782
-1.437510
-1.028411
-1.243571
-1.057334
-1.237466
-1.210741
-1.097831
-1.039386
-1.293955
-1.128936
-1.515256
-1.449161
-1.192346
-1.114921
-0.937538
-1.133302
-1.228004
-1.347908
-1.129339
-0.941563
-1.123320
-1.257205
-1.210689
-0.903034
-0.975499
-1.712820
-1.210199
-1.158492
-1.055829
-1.312580
-1.305542
-0.736974
-1.268176
-1.341872
-1.497781
-1.273830
-1.424566
-1.776460
-1.255847
-1.357470
-1.287264
-1.424418
-1.702954
-1.456997
-1.308473
-1.290720
-1.500257
-1.455662
-1.551542
-1.307151
-1.138116
-1.208161
-1.318065
-1.492915
-1.441165
-0.879640
-1.213468
-1.390556
-1.245020
-1.371250
-1.535455
-1.698102
-1.457895
-1.331547
-1.566581
-1.197116
-1.558381
-1.325537
-1.468289
-1.561928
-1.381341
-1.316422
-1.207757
-1.481307
-1.362417
-1.551941
-1.420368
-1.816289
-1.593046
-1.632897
-1.552137
-1.247222
-1.391211
-1.432341
-1.868832
-1.872063
-2.075897
-1.754284
-1.815036
-1.794447
-1.732095
-1.724489
-1.943183
-1.880992
-1.657171
-1.669998
-1.714472
-1.606861
-1.656590
-1.806914
-1.722928
-1.778541
-1.593193
-1.567730
-1.582972
-2.098181
-2.124130
-2.211755
-2.011745
-1.874548
-2.023115
-1.683155
-2.046302
-2.330583
-1.849605
-1.687231
-1.477564
-1.584295
-1.861790
-1.781143
-1.869110
-1.638868
-1.811788
-1.641561
-1.706476
-1.924624
-1.548008
-1.519566
-1.226790
-1.236555
-1.464599
-1.488158
-1.549964
-1.721653
-1.718249
-1.804837
-1.785939
-1.585904
-1.622056
-1.585422
-1.321244
-1.214366
-1.476350
-1.305863
-1.580674
-1.465674
-1.478406
-1.430637
-1.509545
-1.478375
-1.407194
-1.339240
-1.354490
-1.724640
-1.637133
-1.221660
-1.519831
-1.583735
-1.952901
-1.642519
-1.794993
-1.806493
-1.850772
-1.703835
-1.589021
-1.541304
-1.523773
-1.545528
-1.201886
-1.545263
-1.243294
-1.790826
-1.611059
-1.320442
-1.480279
-1.850980
-1.657874
-1.561568
-1.623942
-1.870905
-1.404051
-1.770731
-1.794152
-1.707512
-1.709147
-1.853625
-1.511514
-1.768017
-1.697178
-1.776247
-1.446048
-1.441985
-1.626631
-1.989847
-1.411201
-1.320953
-1.699260
-1.477447
-1.555376
-1.764834
-1.859214
-1.724653
-1.522051
-1.491103
-1.796945
-2.100527
-1.665137
-1.562882
-2.021537
-1.535355
-1.589568
-1.136004
-1.451694
-1.484824
-1.272260
-1.723947
-1.697864
-1.596649
-1.828804
-1.387512
-1.742944
-1.713674
-1.475136
-1.323867
-1.445168
-1.446417
-1.658863
-1.345831
-1.742450
-1.615859
-1.829632
-1.944298
-1.833730
-1.606913
-1.498843
-1.832351
-1.598973
-1.969318
-1.632884
-1.477508
-1.509875
-1.329114
-1.554318
-1.250878
-1.460319
-1.512637
-1.418452
-1.438416
-1.678285
-1.424475
-1.653477
-1.407298
-1.305989
-1.405824
-1.528352
-1.059199
-1.403014
-1.347218
-1.511774
-1.880341
-1.380994
-1.659990
-1.213351
-1.830733
-1.384255
-1.408634
-1.524718
-1.594915
-1.481762
-1.767197
-1.588028
-1.904716
-1.853135
-1.527159
-1.662063
-1.500842
-1.735559
-1.941479
-1.482590
-1.544609
-1.625989
-1.333294
-1.665766
-1.378358
-1.740988
-1.582001
-1.045652
-1.540936
-1.228559
-1.519003
-1.433290
-1.597733
-1.671494
-1.294302
-1.116837
-0.864679
-1.557995
-1.474438
-1.111170
-1.179636
-1.488978
-1.647467
-1.583037
-1.945182
-1.516726
-1.669630
-1.501384
-1.413257
-1.742216
-1.623838
-1.570896
-1.546105
-1.253068
-1.413166
-1.577309
-1.631752
-1.664747
-1.960086
-1.851977
-1.935590
-1.988008
-1.859319
-1.803783
-2.108944
-1.760290
-2.097561
-2.244915
-1.713258
-2.004430
-2.087609
-1.823266
-2.309977
-1.763030
-2.174336
-2.556775
-1.948495
-1.813228
-2.133288
-2.342170
-2.461753
-1.969028
-1.945273
-2.182666
-2.513989
-2.239091
-1.900982
-1.789291
-2.091738
-2.407918
-2.388460
-2.390594
-2.429244
-2.195571
-1.635806
-2.292033
-1.879075
-2.157923
-2.656008
-2.159320
-2.227062
-2.397302
-2.400932
-2.208277
-1.927664
-2.083941
-2.241038
-2.333549
-2.167281
-2.338415
-2.098546
-2.052706
-2.153656
-2.193295
-2.067363
-2.221078
-2.007530
-1.814715
-1.897986
-2.378699
-2.236580
-2.391236
-2.089145
-1.968005
-2.022716
-2.022712
-2.064289
-2.140760
-2.136523
-2.020440
-1.890861
-2.187124
-2.206482
-1.992223
-1.992422
-2.395320
-1.900306
-1.851088
-1.764604
-2.308958
-1.851526
-2.005987
-1.648416
-2.004694
-1.960928
-1.828014
-1.691480
-1.993580
-1.940612
-1.810574
-1.857038
-1.701172
-1.755242
-1.707104
-1.512650
-2.027963
-2.098910
-2.322674
-1.838851
-1.701055
-1.711775
-1.960550
-1.890050
-2.030118
-1.821670
-2.327314
-1.790219
-1.385886
-1.142769
-1.020146
-1.416908
-1.055214
-0.829191
-0.938870
-0.987285
-1.221595
-1.162443
-1.162941
-0.822057
-1.442644
-0.818857
-1.000910
-1.421795
-1.239599
-1.111291
-1.167273
-1.267014
-0.911950
-1.020939
-1.403795
-1.206079
-1.196513
-1.297572
-1.415117
-1.199861
-0.944286
-1.109149
-0.800328
-1.445328
-1.567452
